   0  5.8000  3.3600
   1  5.8000  3.3600
   2  5.8000  3.3600
   3  5.8000  3.3600
   4  5.8000  3.3600
   5  5.8000  3.3600
   6  5.8000  3.3600
   7  5.8000  3.3600
   8  5.8000  3.3600
   9  5.8000  3.3600
  10  5.8000  3.3600
  11  5.8000  3.3600
  12  5.8000  3.3600
  13  5.8000  3.3600
  14  5.8000  3.3600
  15  5.8000  3.3600
  16  5.8000  3.3600
  17  5.8000  3.3600
  18  5.8000  3.3600
  19  5.8000  3.3600
  20  5.8000  3.3600
  20  6.5000  3.7500
  21  6.5000  3.7500
  22  6.5000  3.7500
  23  6.5000  3.7500
  24  6.5000  3.7500
  25  6.5000  3.7500
  26  6.5000  3.7500
  27  6.5000  3.7500
  28  6.5000  3.7500
  29  6.5000  3.7500
  30  6.5000  3.7500
  31  6.5000  3.7500
  32  6.5000  3.7500
  33  6.5000  3.7500
  34  6.5000  3.7500
  35  6.5000  3.7500
  35  8.0400  4.4700
  40  8.0406  4.4718
  45  8.0412  4.4735
  50  8.0418  4.4753
  60  8.0429  4.4788
  70  8.0441  4.4824
  80  8.0453  4.4859
  90  8.0465  4.4894
 100  8.0476  4.4929
 110  8.0488  4.4965
 120  8.0500  4.5000
 120  8.0500  4.5000
 130  8.0778  4.5020
 140  8.1056  4.5040
 150  8.1333  4.5060
 160  8.1611  4.5080
 170  8.1889  4.5100
 180  8.2167  4.5120
 190  8.2444  4.5140
 200  8.2722  4.5160
 210  8.3000  4.5180
 210  8.3000  4.5220
 220  8.3365  4.5394
 230  8.3730  4.5568
 240  8.4095  4.5742
 250  8.4460  4.5916
 260  8.4825  4.6090
 270  8.5190  4.6264
 280  8.5555  4.6438
 290  8.5920  4.6612
 300  8.6285  4.6786
 310  8.6650  4.6960
 320  8.7015  4.7134
 330  8.7380  4.7308
 340  8.7745  4.7482
 350  8.8110  4.7656
 360  8.8475  4.7830
 370  8.8840  4.8004
 380  8.9205  4.8178
 390  8.9570  4.8352
 400  8.9935  4.8526
 410  9.0300  4.8700
 410  9.3600  5.0700
 420  9.3936  5.0912
 430  9.4272  5.1124
 440  9.4608  5.1336
 450  9.4944  5.1548
 460  9.5280  5.1760
 470  9.5616  5.1972
 480  9.5952  5.2184
 490  9.6288  5.2396
 500  9.6624  5.2608
 510  9.6960  5.2820
 520  9.7296  5.3032
 530  9.7632  5.3244
 540  9.7968  5.3456
 550  9.8304  5.3668
 560  9.8640  5.3880
 570  9.8976  5.4092
 580  9.9312  5.4304
 590  9.9648  5.4516
 600  9.9984  5.4728
 610 10.0320  5.4940
 620 10.0656  5.5152
 630 10.0992  5.5364
 640 10.1328  5.5576
 650 10.1664  5.5788
 660 10.2000  5.6000
 660 10.7900  5.9500
 670 10.8166  5.9759
 680 10.8432  6.0019
 690 10.8697  6.0278
 700 10.8963  6.0538
 710 10.9229  6.0797
 720 10.9495  6.1057
 730 10.9761  6.1316
 740 11.0026  6.1576
 750 11.0292  6.1835
 760 11.0558  6.2095
 760 11.0558  6.2095
 770 11.0738  6.2172
 780 11.0917  6.2249
 790 11.1095  6.2326
 800 11.1272  6.2402
 900 11.2997  6.3138
1000 11.4640  6.3833
1100 11.6208  6.4489
1200 11.7707  6.5110
1300 11.9142  6.5700
1400 12.0521  6.6260
1500 12.1849  6.6796
2000 12.7944  6.9210
2500 13.3697  7.1484
2700 13.6076  7.2445
2740 13.6564  7.2645
2740 13.6564  7.2645
2750 13.6587  7.2670
2800 13.6703  7.2794
2850 13.6818  7.2918
2889 13.6908  7.3015
2889  8.0088  0.0000
2900  8.0280  0.0000
3000  8.1995  0.0000
3100  8.3642  0.0000
3200  8.5222  0.0000
3300  8.6735  0.0000
3400  8.8180  0.0000
3500  8.9558  0.0000
4000  9.5437  0.0000
4500  9.9633  0.0000
5153 10.2578  0.0000
5153 11.0914  3.4385
5500 11.1644  3.5000
6000 11.2270  3.5528
6371 11.2409  3.5645
